formula,target
B0P0S1,-0.23407036915518264
B0P1S0,0.002609444083694088
B0P1S1,-0.25385020394122554
B0P1S2,-0.2310874048153429
B0P1S3,-0.211892510823284
B0P1S4,-0.2011446531117919
B0P1S5,-0.18120884712099047
B0P1S6,-0.17035530497205753
B0P1S7,-0.1757307844393309
B0P1S8,-0.17731344143805114
B0P1S9,-0.17770079358769889
B0P1S10,-0.17389530669158845
B0P1S11,-0.17355469497781204
B0P1S12,-0.16992109567515393
B0P1S13,-0.1743600745354577
B0P1S14,-0.17047913856477204
B0P1S15,-0.16530531308457624
B0P2S1,-0.09387679610769344
B0P2S3,-0.2380716164147514
B0P2S5,-0.21472401478353093
B0P2S7,-0.1952177966201841
B0P2S9,-0.17800007941697107
B0P2S11,-0.18262295026526626
B0P2S13,-0.18049088119553308
B0P2S15,-0.1756215039983752
B0P3S1,-0.06426489120148854
B0P3S2,-0.07373743954203689
B0P3S4,-0.23335333212191142
B0P3S5,-0.23181487818211202
B0P3S7,-0.21441877812989393
B0P3S8,-0.20630427217997013
B0P3S10,-0.19437874228944435
B0P3S11,-0.1923362896641542
B0P3S13,-0.18888199013700435
B0P3S14,-0.18511375206187
B0P4S1,-0.043931002456899806
B0P4S3,-0.05470878676213706
B0P4S5,-0.23780494921768117
B0P4S7,-0.2218486509633298
B0P4S9,-0.21496591927736877
B0P4S11,-0.2108710096519065
B0P4S13,-0.2006574624394182
B0P4S15,-0.19967773371186773
B0P5S1,-0.02861491760841495
B0P5S2,-0.04291363160552895
B0P5S3,-0.06195743016420281
B0P5S4,-0.07205993077747841
B0P5S6,-0.23143875214873705
B0P5S7,-0.23271988643797722
B0P5S8,-0.23038656770568622
B0P5S9,-0.2329756169126884
B0P5S11,-0.2178095276665372
B0P5S12,-0.21062817488387092
B0P5S13,-0.21117162758988528
B0P5S14,-0.2152294109658832
B0P6S1,-0.029605153683897788
B0P6S5,-0.09173664444779503
B0P6S7,-0.2327781160197904
B0P6S11,-0.22498635749874496
B0P6S13,-0.21647911987871093
B0P7S1,-0.031146092942025274
B0P7S2,-0.041136186163715865
B0P7S3,-0.06349996757021785
B0P7S4,-0.08036247561662618
B0P7S5,-0.10576620411655765
B0P7S6,-0.1099895558481594
B0P7S8,-0.23244842425739048
B0P7S9,-0.22855643178556917
B0P7S10,-0.22986878575856554
B0P7S11,-0.21679413691774346
B0P7S12,-0.22098976927238576
B0P7S13,-0.21625736212095442
B0P8S1,-0.03317042843986077
B0P8S3,-0.06527487613550877
B0P8S5,-0.10578841299101653
B0P8S7,-0.1162863534370514
B0P8S9,-0.23185104665322648
B0P8S11,-0.22268901796579763
B0P9S1,-0.04386228882947116
B0P9S2,-0.06119468050271019
B0P9S4,-0.09663980545345602
B0P9S5,-0.10361361887336948
B0P9S7,-0.11595385155735215
B0P9S8,-0.12114443882154995
B0P9S10,-0.22534636553570273
B0P9S11,-0.22078142087798686
B0P10S1,-0.05221476044119278
B0P10S3,-0.0787215358757685
B0P10S7,-0.12465483384319494
B0P10S9,-0.12938558845700218
B0P11S1,-0.06539568875797402
B0P11S2,-0.08104019496667761
B0P11S3,-0.07983965925239188
B0P11S4,-0.08882590606930046
B0P11S5,-0.10859886454436514
B0P11S6,-0.12382813054649162
B0P11S7,-0.12182785440596548
B0P11S8,-0.12249108845700216
B0P11S9,-0.12930767946599317
B0P12S1,-0.0739133190610043
B0P12S5,-0.11653008509194619
B0P12S7,-0.12204199321890692
B0P13S1,-0.07522762100905628
B0P13S2,-0.08435733241256503
B0P13S3,-0.09966239446162709
B0P13S4,-0.10489727108500374
B0P13S5,-0.11111736858476917
B0P13S6,-0.11890885685527057
B0P13S7,-0.11910786994218363
B0P14S1,-0.08949044496288025
B0P14S3,-0.09246274186422447
B0P14S5,-0.1129018687030719
B0P15S1,-0.08868234972478499
B0P15S2,-0.09441715095513356
B0P15S4,-0.09927263846937368
B1P0S0,-0.2285819075601643
B1P0S1,-0.21187857803453858
B1P0S2,-0.20244751850240406
B1P0S3,-0.2027408326611984
B1P0S4,-0.2071474513328776
B1P0S5,-0.2071474513328776
B1P0S6,-0.20443633320100946
B1P0S7,-0.20560314515572145
B1P0S8,-0.2109472882792646
B1P0S9,-0.21032754542212173
B1P0S10,-0.21370027269484904
B1P0S11,-0.2132795957717721
B1P0S12,-0.2132795957717721
B1P0S13,-0.210313063440945
B1P0S14,-0.21067519980458138
B1P0S15,-0.20794037440775598
B1P1S0,-0.13878894475246964
B1P1S1,-0.18726207129128178
B1P1S2,-0.20922578696522773
B1P1S3,-0.20646141179872754
B1P1S4,-0.20272341179872755
B1P1S5,-0.20612451417967992
B1P1S6,-0.20524721331387905
B1P1S7,-0.2004262373898031
B1P1S8,-0.2006627463641621
B1P1S9,-0.20349393077974653
B1P1S10,-0.20306890385666965
B1P1S11,-0.20306890385666965
B1P1S12,-0.20064025724012827
B1P1S13,-0.2045550126513837
B1P1S14,-0.2045550126513837
B1P1S15,-0.2045550126513837
B1P2S0,-0.13206588658563656
B1P2S1,-0.1283237626963679
B1P2S2,-0.19165420846039918
B1P2S3,-0.2071179406448814
B1P2S4,-0.20292744751301325
B1P2S5,-0.20205014664721235
B1P2S6,-0.2051096594677252
B1P2S7,-0.20167938738980312
B1P2S8,-0.20167938738980312
B1P2S9,-0.20771135055996634
B1P2S10,-0.20702420770282348
B1P2S11,-0.20049465724012827
B1P2S12,-0.20100239360376462
B1P2S13,-0.20100239360376462
B1P2S14,-0.20100239360376462
B1P2S15,-0.20378189360376464
B1P3S0,-0.1252609828872881
B1P3S1,-0.11979282763143283
B1P3S2,-0.12972246237169258
B1P3S3,-0.1918582441746849
B1P3S4,-0.20415032484401557
B1P3S5,-0.20205014664721235
B1P3S6,-0.20167938738980312
B1P3S7,-0.20167938738980312
B1P3S8,-0.2050521146625304
B1P3S9,-0.20581283773945352
B1P3S10,-0.2045955610862821
B1P3S11,-0.2041006974499185
B1P3S12,-0.20377194744991847
B1P3S13,-0.20377194744991847
B1P3S14,-0.20363629360376465
B1P3S15,-0.20500316633103735
B1P4S0,-0.1101836344024396
B1P4S1,-0.12438682763143284
B1P4S2,-0.12740609548857573
B1P4S3,-0.13148185955783975
B1P4S4,-0.18368995612939687
B1P4S5,-0.19802325341544413
B1P4S6,-0.20167938738980312
B1P4S7,-0.2050521146625304
B1P4S8,-0.20581283773945352
B1P4S9,-0.20338419112291212
B1P4S10,-0.2028893274865485
B1P4S11,-0.20305918462940564
B1P4S12,-0.20377194744991847
B1P4S13,-0.2065514474499185
B1P4S14,-0.2077727201771912
B1P4S15,-0.22321846533554165
B1P5S0,-0.1140904915452968
B1P5S1,-0.1227179704885757
B1P5S2,-0.12308159873532894
B1P5S3,-0.12404400441298463
B1P5S4,-0.13040886155584178
B1P5S5,-0.18687218405147482
B1P5S6,-0.20570864350868426
B1P5S7,-0.20581283773945352
B1P5S8,-0.20338419112291212
B1P5S9,-0.2028893274865485
B1P5S10,-0.2037463274865485
B1P5S11,-0.20583868462940566
B1P5S12,-0.20583868462940566
B1P5S13,-0.2077727201771912
B1P5S14,-0.22321846533554165
B1P6S0,-0.1129047415452968
B1P6S1,-0.12503767614125635
B1P6S2,-0.12171359007732029
B1P6S3,-0.1257136959714262
B1P6S4,-0.1289155050623353
B1P6S5,-0.1288981782225084
B1P6S6,-0.19100563440112517
B1P6S7,-0.20404071996906598
B1P6S8,-0.2028893274865485
B1P6S9,-0.2037463274865485
B1P6S10,-0.20652582748654852
B1P6S11,-0.20583868462940566
B1P6S12,-0.20705995735667837
B1P6S13,-0.2213199525150288
B1P7S0,-0.11334401048469074
B1P7S1,-0.12503767614125635
B1P7S2,-0.12725375051688076
B1P7S3,-0.12490748233506258
B1P7S4,-0.1307632853653656
B1P7S5,-0.1339613616890419
B1P7S6,-0.13310725454618477
B1P7S7,-0.18808212414822015
B1P7S8,-0.20440285633270236
B1P7S9,-0.20652582748654852
B1P7S10,-0.20583868462940566
B1P7S11,-0.2116137300839511
B1P7S12,-0.22250570251502885
B1P8S0,-0.11334401048469074
B1P8S1,-0.12907074632107654
B1P8S2,-0.12644753688051713
B1P8S3,-0.12948106718354743
B1P8S4,-0.13411636588484613
B1P8S5,-0.13192150454618476
B1P8S6,-0.13696942662410683
B1P8S7,-0.13815517662410684
B1P8S8,-0.191745147957744
B1P8S9,-0.2064952134755595
B1P8S10,-0.2116137300839511
B1P8S11,-0.22250570251502885
B1P9S0,-0.11451033001516028
B1P9S1,-0.12812724949567975
B1P9S2,-0.13452970354718377
B1P9S3,-0.13048691133939158
B1P9S4,-0.13225498080676634
B1P9S5,-0.14070742662410687
B1P9S6,-0.13696942662410683
B1P9S7,-0.14430387900505923
B1P9S8,-0.14548962900505924
B1P9S9,-0.20137611822431953
B1P9S10,-0.21997801203883835
B1P10S0,-0.11777976399784426
B1P10S1,-0.12778805252598277
B1P10S2,-0.13452970354718377
B1P10S3,-0.12862552626131177
B1P10S4,-0.13359780764659315
B1P10S5,-0.13788515389683415
B1P10S6,-0.14430387900505923
B1P10S7,-0.14430387900505923
B1P10S8,-0.15393484927163478
B1P10S9,-0.15722970641449188
B1P11S0,-0.11744056702814731
B1P11S1,-0.13116077979871002
B1P11S2,-0.1324927626249481
B1P11S3,-0.1387220847028702
B1P11S4,-0.13367344833923384
B1P11S5,-0.14463735526564078
B1P11S6,-0.14430387900505923
B1P11S7,-0.15393484927163478
B1P11S8,-0.15722970641449188
B1P12S0,-0.12081329430087458
B1P12S1,-0.12954451579955129
B1P12S2,-0.13754068470287018
B1P12S3,-0.14150158470287022
B1P12S4,-0.13943723405351954
B1P12S5,-0.14463735526564078
B1P12S6,-0.15236289696078772
B1P12S7,-0.15532427784306335
B1P13S0,-0.12123688744457298
B1P13S1,-0.12904965216318767
B1P13S2,-0.1409886489885845
B1P13S3,-0.14150158470287022
B1P13S4,-0.14605653708382257
B1P13S5,-0.15056323029412108
B1P13S6,-0.15565775410364488
B1P14S0,-0.11870216666535219
B1P14S1,-0.13731918787747335
B1P14S2,-0.1409358989885845
B1P14S3,-0.1550819489088397
B1P14S4,-0.15630322163611243
B1P14S5,-0.1545494424153332
B1P15S0,-0.1270244523796379
B1P15S1,-0.13731918787747335
B1P15S2,-0.1539005489088397
B1P15S3,-0.15630322163611243
B1P15S4,-0.1595980787789695
B2P0S1,-0.1204552184038183
B2P0S3,-0.21944494495928052
B2P0S5,-0.20546543192859767
B2P0S7,-0.20514410400651975
B2P0S9,-0.21150793246840877
B2P0S11,-0.21216954160926793
B2P0S13,-0.21389634980458141
B2P0S15,-0.2166758498045814
B2P1S0,-0.11292954784104774
B2P1S1,-0.11829106409146402
B2P1S2,-0.18965966592997638
B2P1S3,-0.21308905977224535
B2P1S4,-0.21213892194691275
B2P1S5,-0.20885827946439522
B2P1S6,-0.20885827946439522
B2P1S7,-0.20722144678041254
B2P1S8,-0.20722144678041254
B2P1S9,-0.21365368687365266
B2P1S10,-0.21385772258793836
B2P1S11,-0.21291967120949223
B2P1S12,-0.21299115605797708
B2P1S13,-0.206927917962739
B2P1S14,-0.20869077693709798
B2P1S15,-0.20869077693709798
B2P2S1,-0.12838481035353527
B2P2S3,-0.21195038623262705
B2P2S5,-0.20951480831054908
B2P2S7,-0.20722144678041254
B2P2S9,-0.21385772258793836
B2P2S11,-0.21299115605797708
B2P2S13,-0.20970741796273898
B2P2S15,-0.21548246341728444
B2P3S0,-0.13900293680208675
B2P3S1,-0.13479353009213008
B2P3S2,-0.13644550089983112
B2P3S3,-0.19566451119100198
B2P3S4,-0.20951480831054908
B2P3S5,-0.2107589756265664
B2P3S6,-0.21161597562656642
B2P3S7,-0.21059417405313982
B2P3S8,-0.21079820976742553
B2P3S9,-0.20986015838897942
B2P3S10,-0.21299115605797708
B2P3S11,-0.21299115605797708
B2P3S12,-0.2157706560579771
B2P3S13,-0.20970741796273898
B2P3S14,-0.21548246341728444
B2P3S15,-0.22523270251502886
B2P4S1,-0.1335182725163725
B2P4S3,-0.13778278241831265
B2P4S5,-0.21161597562656642
B2P4S7,-0.2151927386135794
B2P4S9,-0.20993164323746427
B2P4S11,-0.2157706560579771
B2P4S13,-0.21933838822931453
B2P5S0,-0.13189411507732032
B2P5S1,-0.13288170611961136
B2P5S2,-0.13288170611961136
B2P5S3,-0.13982474220852248
B2P5S4,-0.13747489588817616
B2P5S5,-0.2002386373814782
B2P5S6,-0.2151927386135794
B2P5S7,-0.2146434767088175
B2P5S8,-0.21058817208361813
B2P5S9,-0.2127111432374643
B2P5S10,-0.2127111432374643
B2P5S11,-0.2127111432374643
B2P5S12,-0.22540162632455268
B2P5S13,-0.22523270251502886
B2P6S1,-0.13288170611961136
B2P6S3,-0.13465262316090343
B2P6S5,-0.14171830606133629
B2P6S7,-0.21432617208361812
B2P6S9,-0.21336767208361812
B2P6S11,-0.22234211350403982
B2P7S0,-0.11500322531153055
B2P7S1,-0.1285552392864445
B2P7S2,-0.12957958149423676
B2P7S3,-0.1341837784639337
B2P7S4,-0.13889603333406356
B2P7S5,-0.14171830606133629
B2P7S6,-0.14733257662410681
B2P7S7,-0.1962923684705645
B2P7S8,-0.20730443398838003
B2P7S9,-0.21185820671565275
B2P7S10,-0.21693540425495556
B2P7S11,-0.21957373255165882
B2P8S1,-0.13274888993579517
B2P8S3,-0.1343878141782194
B2P8S5,-0.14733257662410681
B2P8S7,-0.15309636233839255
B2P8S9,-0.21693540425495556
B2P9S0,-0.11921338791559317
B2P9S1,-0.1312455342359395
B2P9S2,-0.13349663560679087
B2P9S3,-0.13470651547692072
B2P9S4,-0.13913503603969127
B2P9S5,-0.14660266103969127
B2P9S6,-0.15309636233839255
B2P9S7,-0.1615060598776953
B2P9S8,-0.16272733260496802
B2P9S9,-0.20853970870051
B2P10S1,-0.1327453686515239
B2P10S3,-0.1390079564942367
B2P10S5,-0.14840119675397698
B2P10S7,-0.16272733260496802
B2P11S0,-0.1219446920281473
B2P11S1,-0.13375121280736807
B2P11S2,-0.13733240714358735
B2P11S3,-0.1417874564942367
B2P11S4,-0.14477174220852243
B2P11S5,-0.1568108942932798
B2P11S6,-0.1580321670205525
B2P11S7,-0.16533504689068237
B2P12S1,-0.13714358239611263
B2P12S3,-0.14683609285787308
B2P12S5,-0.1543270717824573
B2P13S0,-0.12289494148702175
B2P13S1,-0.14268636811039834
B2P13S2,-0.14565469285787308
B2P13S3,-0.1582300761114616
B2P13S4,-0.15670855663094216
B2P13S5,-0.1576219289253144
B2P14S1,-0.15109606564970116
B2P14S3,-0.1617571929945784
B2P15S0,-0.13507315201333756
B2P15S1,-0.15408035136398682
B2P15S2,-0.16124425728029268
B2P15S3,-0.16274620598159145
B3P0S1,-0.11890468707199224
B3P0S2,-0.13432143174048172
B3P0S4,-0.22739539514243073
B3P0S5,-0.2098878649559505
B3P0S7,-0.20290709130810708
B3P0S8,-0.2062103804633962
B3P0S10,-0.2115275720218378
B3P0S11,-0.21419829536866644
B3P0S13,-0.21557335830572938
B3P0S14,-0.21557335830572938
B3P1S0,-0.11775400110305918
B3P1S1,-0.11121332546342538
B3P1S2,-0.11296227135087128
B3P1S3,-0.19070951743402795
B3P1S4,-0.21012504951583505
B3P1S5,-0.207392133498519
B3P1S6,-0.20957714713488268
B3P1S7,-0.21353622762456845
B3P1S8,-0.21543028319399898
B3P1S9,-0.21524174747971325
B3P1S10,-0.21056569610126716
B3P1S11,-0.2091612590383301
B3P1S12,-0.21500027185884293
B3P1S13,-0.21500027185884293
B3P1S14,-0.21955404458611563
B3P1S15,-0.2221703557617821
B3P2S0,-0.111685768104118
B3P2S1,-0.1170012951603951
B3P2S2,-0.12170727418137414
B3P2S3,-0.18548661327152374
B3P2S4,-0.20625641921280471
B3P2S5,-0.20750956921280472
B3P2S6,-0.2135174776245684
B3P2S7,-0.2158982763258671
B3P2S8,-0.21524174747971325
B3P2S9,-0.21430369610126715
B3P2S10,-0.2091612590383301
B3P2S11,-0.2119407590383301
B3P2S12,-0.2119407590383301
B3P2S13,-0.21955404458611563
B3P2S14,-0.2221703557617821
B3P2S15,-0.22727449688732324
B3P3S1,-0.13367801503218996
B3P3S2,-0.13024780531413022
B3P3S4,-0.20732103349851902
B3P3S5,-0.2135174776245684
B3P3S7,-0.2158982763258671
B3P3S8,-0.2153490144211052
B3P3S10,-0.2156787590383301
B3P3S11,-0.2119407590383301
B3P3S13,-0.215655747703174
B3P3S14,-0.22727449688732324
B3P4S0,-0.14484120040515036
B3P4S1,-0.13324695922965918
B3P4S2,-0.13020425316905315
B3P4S3,-0.13315298406315906
B3P4S4,-0.19876741210675292
B3P4S5,-0.21606806204015286
B3P4S6,-0.2158982763258671
B3P4S7,-0.2153490144211052
B3P4S8,-0.21633528788448395
B3P4S9,-0.21633528788448395
B3P4S10,-0.2156787590383301
B3P4S11,-0.2203504565776329
B3P4S12,-0.215655747703174
B3P4S13,-0.22300148406681036
B3P5S0,-0.1430870408313908
B3P5S1,-0.13125391983571982
B3P5S2,-0.12965060906315906
B3P5S3,-0.14206718809596836
B3P5S4,-0.14374819891847918
B3P5S5,-0.20131799652233734
B3P5S6,-0.2153490144211052
B3P5S7,-0.21633528788448395
B3P5S8,-0.21633528788448395
B3P5S9,-0.21633528788448395
B3P5S10,-0.2247449854237868
B3P5S11,-0.215655747703174
B3P5S12,-0.22161552692395323
B3P6S1,-0.13092586663891664
B3P6S2,-0.13856481309596835
B3P6S4,-0.14429865346393372
B3P6S5,-0.14451799562177586
B3P6S7,-0.21633528788448395
B3P6S8,-0.21633528788448395
B3P6S10,-0.21984624083504214
B3P6S11,-0.22013905577010706
B3P7S0,-0.13722012096792097
B3P7S1,-0.13879040400505926
B3P7S2,-0.13740347326912852
B3P7S3,-0.14077620054185577
B3P7S4,-0.14475523571501595
B3P7S5,-0.15540493052021073
B3P7S6,-0.15234541769969792
B3P7S7,-0.20613899509394115
B3P7S8,-0.22128989018569153
B3P7S9,-0.21984624083504214
B3P7S10,-0.22013905577010706
B3P8S0,-0.13591003755484282
B3P8S1,-0.1424521096327649
B3P8S2,-0.14077620054185577
B3P8S3,-0.14123278279293802
B3P8S4,-0.14908028279293803
B3P8S5,-0.15258265779293803
B3P8S6,-0.15687975086653114
B3P8S7,-0.16373940095328646
B3P8S8,-0.20509617531722665
B3P8S9,-0.22013905577010706
B3P9S1,-0.14514698690549216
B3P9S2,-0.14123278279293802
B3P9S4,-0.14301704469769994
B3P9S5,-0.15791340295128845
B3P9S7,-0.16159787048375596
B3P9S8,-0.15652532844246397
B3P10S0,-0.12853285761256286
B3P10S1,-0.1356241056645109
B3P10S2,-0.14250281742497264
B3P10S3,-0.14301704469769994
B3P10S4,-0.15142674223700275
B3P10S5,-0.15791340295128845
B3P10S6,-0.15877559775648328
B3P10S7,-0.15958484126297676
B3P11S0,-0.1293131108593161
B3P11S1,-0.13790874202814726
B3P11S2,-0.14686420313925835
B3P11S3,-0.15142674223700275
B3P11S4,-0.15441102795128844
B3P11S5,-0.15527322275648328
B3P11S6,-0.15676256853570406
B3P12S1,-0.14411999202814726
B3P12S2,-0.15527390067856117
B3P12S4,-0.15527322275648328
B3P12S5,-0.15326019353570405
B3P13S0,-0.13714053293723819
B3P13S1,-0.15252968956745008
B3P13S2,-0.1582581863928469
B3P13S3,-0.16032185912011962
B3P13S4,-0.15326019353570405
B3P14S0,-0.14555023047654098
B3P14S1,-0.15781981943757992
B3P14S2,-0.1584332383408988
B3P14S3,-0.1576216870421975
B3P15S1,-0.15568902722978772
B3P15S2,-0.16210094613310655
B4P0S1,-0.12350243057848573
B4P0S3,-0.14100143174048171
B4P0S5,-0.22354335439984002
B4P0S7,-0.2052378801574157
B4P0S9,-0.2023713827797933
B4P0S11,-0.2033648038324249
B4P0S13,-0.20936817720904827
B4P0S15,-0.21242769002956108
B4P1S0,-0.11672158746669554
B4P1S1,-0.11381428606948597
B4P1S2,-0.11004703801753793
B4P1S3,-0.116745544078144
B4P1S4,-0.19107278648164702
B4P1S5,-0.20772875391698947
B4P1S6,-0.20093685981109533
B4P1S7,-0.20430958708382263
B4P1S8,-0.20331237279810835
B4P1S9,-0.20204015099359704
B4P1S10,-0.20279171738553842
B4P1S11,-0.20229685374917478
B4P1S12,-0.2066620907621618
B4P1S13,-0.2105180155741919
B4P1S14,-0.2126510155741919
B4P1S15,-0.21764352916060545
B4P2S1,-0.11377496182706176
B4P2S3,-0.12416826550671548
B4P2S5,-0.20141924552538107
B4P2S7,-0.20430958708382263
B4P2S9,-0.20344824623169228
B4P2S11,-0.2066620907621618
B4P2S13,-0.2105180155741919
B4P3S0,-0.1133858893162392
B4P3S1,-0.11749615879675873
B4P3S2,-0.12204993152403146
B4P3S3,-0.11903062813297809
B4P3S4,-0.18352622358898413
B4P3S5,-0.19980114552538106
B4P3S6,-0.20317387279810833
B4P3S7,-0.20241019046728126
B4P3S8,-0.20325971051740654
B4P3S9,-0.20276484688104293
B4P3S10,-0.20731861960831566
B4P3S11,-0.21117454442034575
B4P3S12,-0.2105180155741919
B4P3S13,-0.21412457201774832
B4P4S1,-0.1400258721750471
B4P4S3,-0.1378063017205017
B4P4S5,-0.20298533708382263
B4P4S7,-0.20342949623169226
B4P4S9,-0.21117454442034575
B4P4S11,-0.2134803885761899
B4P5S0,-0.14484120040515036
B4P5S1,-0.1337088474247974
B4P5S2,-0.13460817876012876
B4P5S3,-0.13292976274281273
B4P5S4,-0.14124851436618935
B4P5S5,-0.19043962494946573
B4P5S6,-0.20293463259532862
B4P5S7,-0.20808855178724783
B4P5S8,-0.21117454442034575
B4P5S9,-0.21117454442034575
B4P5S10,-0.2134803885761899
B4P5S11,-0.21478110086390217
B4P6S1,-0.1308595423964924
B4P6S3,-0.13774613936618935
B4P6S5,-0.1479180670503473
B4P6S7,-0.21117454442034575
B4P6S9,-0.2134803885761899
B4P7S0,-0.14283908005883006
B4P7S1,-0.13420502031857032
B4P7S2,-0.13652808092463092
B4P7S3,-0.14095633690549214
B4P7S4,-0.14463285422150945
B4P7S5,-0.15270907987086013
B4P7S6,-0.1593120503039358
B4P7S7,-0.19642447890253023
B4P7S8,-0.21257081514961645
B4P7S9,-0.21478110086390217
B4P8S1,-0.14262638395493393
B4P8S3,-0.13909006850722375
B4P8S5,-0.15656500468289022
B4P8S7,-0.16161789445977992
B4P9S0,-0.14294778525363527
B4P9S1,-0.14666206850722377
B4P9S2,-0.13909006850722375
B4P9S3,-0.15304255176081227
B4P9S4,-0.15304255176081227
B4P9S5,-0.16185513455302
B4P9S6,-0.16185513455302
B4P9S7,-0.1668876929945785
B4P10S1,-0.14436429577995102
B4P10S3,-0.15304255176081227
B4P10S5,-0.15835275955302003
B4P11S0,-0.14361386439466967
B4P11S1,-0.15741333812444863
B4P11S2,-0.15809118812444858
B4P11S3,-0.16338131799457847
B4P11S4,-0.15835275955302003
B4P11S5,-0.16056304526730575
B4P12S1,-0.1580818024101629
B4P12S3,-0.16338131799457847
B4P13S0,-0.15183905948087
B4P13S1,-0.15612729418505472
B4P13S2,-0.15731807989934044
B4P13S3,-0.1595283656136261
B4P14S1,-0.1533924687882293
B4P15S0,-0.1508403603466709
B4P15S1,-0.16061502722978765
B5P0S1,-0.12708080503736024
B5P0S2,-0.11757844248324766
B5P0S3,-0.13329134840714837
B5P0S4,-0.14407844970584974
B5P0S6,-0.22989752436320995
B5P0S7,-0.22931402912511473
B5P0S8,-0.22245452604486166
B5P0S9,-0.211390107430143
B5P0S11,-0.20440572966974546
B5P0S12,-0.20824585578047683
B5P0S13,-0.20742371292333395
B5P0S14,-0.20742371292333395
B5P1S0,-0.11294121192557002
B5P1S1,-0.11836806044861561
B5P1S2,-0.1139885284937284
B5P1S3,-0.1189248607448107
B5P1S4,-0.12731033477078477
B5P1S5,-0.19636297840083894
B5P1S6,-0.2145386901141257
B5P1S7,-0.20957245981109537
B5P1S8,-0.20708908708382265
B5P1S9,-0.20615103570537652
B5P1S10,-0.20921273051057132
B5P1S11,-0.21232372299177432
B5P1S12,-0.21070655128847757
B5P1S13,-0.21301239544432174
B5P1S14,-0.21423366817159448
B5P2S0,-0.11997523512394027
B5P2S1,-0.11429485641580633
B5P2S2,-0.12440753390498385
B5P2S3,-0.12656887156732152
B5P2S4,-0.13262634126429126
B5P2S5,-0.19056695908681964
B5P2S6,-0.20578918708382266
B5P2S7,-0.20708908708382265
B5P2S8,-0.20615103570537652
B5P2S9,-0.2102099447962856
B5P2S10,-0.21249350870606004
B5P2S11,-0.21136308013463143
B5P2S12,-0.2136689242904756
B5P2S13,-0.21404513245730875
B5P3S0,-0.12109220316905306
B5P3S1,-0.12118120057165051
B5P3S2,-0.12656887156732152
B5P3S3,-0.12656887156732152
B5P3S4,-0.1325259668054168
B5P3S5,-0.1905039378746984
B5P3S6,-0.20595337279810835
B5P3S7,-0.2051538214196622
B5P3S8,-0.20921273051057132
B5P3S9,-0.21249350870606004
B5P3S10,-0.21136308013463143
B5P3S11,-0.2134803885761899
B5P3S12,-0.2147016613034626
B5P4S0,-0.11979884884004872
B5P4S1,-0.12507646247641244
B5P4S2,-0.12656887156732152
B5P4S3,-0.1327292287101787
B5P4S4,-0.13197961225996221
B5P4S5,-0.1918038378746984
B5P4S6,-0.2050153214196622
B5P4S7,-0.2090742305105713
B5P4S8,-0.21216647299177432
B5P4S9,-0.21134433013463144
B5P4S10,-0.2134803885761899
B5P4S11,-0.2147016613034626
B5P5S1,-0.14440725837218335
B5P5S2,-0.15027350837218337
B5P5S3,-0.14978361719669217
B5P5S4,-0.15431647877677876
B5P5S6,-0.21274161960831567
B5P5S7,-0.21216647299177432
B5P5S8,-0.2136501742904756
B5P5S9,-0.2136501742904756
B5P6S0,-0.14836512231657228
B5P6S1,-0.14560173227328227
B5P6S2,-0.15122892334887336
B5P6S3,-0.1507551675047175
B5P6S4,-0.1475917216172716
B5P6S5,-0.15693843068671096
B5P6S6,-0.19947213474668607
B5P6S7,-0.21447231714761844
B5P6S8,-0.2136501742904756
B5P6S9,-0.2147016613034626
B5P7S0,-0.15188546490731492
B5P7S1,-0.15627755971250973
B5P7S2,-0.1522347675047175
B5P7S3,-0.14781731252636254
B5P7S4,-0.1564955685072238
B5P7S5,-0.1594227968906824
B5P7S6,-0.1644957645896501
B5P7S7,-0.20095583604538736
B5P7S8,-0.21692717429047562
B5P8S0,-0.15452623373848376
B5P8S1,-0.15627755971250973
B5P8S2,-0.1488669791930292
B5P8S3,-0.1564955685072238
B5P8S4,-0.15592042189068242
B5P8S5,-0.16471292676081226
B5P8S6,-0.1639108618257473
B5P8S7,-0.16489489445977995
B5P9S0,-0.15511936101121102
B5P9S1,-0.15391561555666555
B5P9S2,-0.16281946244661763
B5P9S3,-0.1564955685072238
B5P9S4,-0.16121055176081225
B5P9S5,-0.16038840890366937
B5P9S6,-0.16513213455302003
B5P10S1,-0.16076373517389037
B5P10S2,-0.16407563993579516
B5P10S3,-0.16625918812444862
B5P10S4,-0.16038840890366937
B5P11S0,-0.163140863745319
B5P11S1,-0.16373804361544889
B5P11S2,-0.16648477903353953
B5P11S3,-0.16543704526730577
B5P11S4,-0.1616096816309421
B5P12S0,-0.16470928422834474
B5P12S1,-0.16614718271319323
B5P12S2,-0.16338131799457847
B5P12S3,-0.16665831799457848
B5P13S0,-0.16320929137120188
B5P13S1,-0.16427537318938368
B5P13S2,-0.1652710550075655
B5P14S0,-0.16559445803786854
B5P14S1,-0.17050891864392914
B6P0S1,-0.1380136349074901
B6P0S5,-0.14738433671883674
B6P0S7,-0.2360852972569829
B6P0S11,-0.22183357466641548
B6P0S13,-0.21918914609498688
B6P1S0,-0.11994216023216539
B6P1S1,-0.1235982444312996
B6P1S2,-0.12639967200022192
B6P1S3,-0.12714060966255963
B6P1S4,-0.1313656919136419
B6P1S5,-0.14256775814740816
B6P1S6,-0.21010167558698614
B6P1S7,-0.22288331024399585
B6P1S8,-0.22320178310797395
B6P1S9,-0.22389749428364036
B6P1S10,-0.21507251246545855
B6P1S11,-0.2173783566213027
B6P1S12,-0.2173783566213027
B6P1S13,-0.21830113208268342
B6P2S1,-0.12165736355866348
B6P2S3,-0.13062422871017865
B6P2S5,-0.14201577632922632
B6P2S7,-0.2131910512897921
B6P2S9,-0.21507251246545855
B6P2S11,-0.2173783566213027
B6P3S1,-0.12663325425130417
B6P3S2,-0.13062422871017865
B6P3S4,-0.13970694299589298
B6P3S5,-0.14710664213009214
B6P3S7,-0.21407529817974424
B6P3S8,-0.21507251246545855
B6P3S10,-0.2173783566213027
B6P3S11,-0.21946813208268345
B6P4S1,-0.13225799602619598
B6P4S3,-0.13970694299589298
B6P4S5,-0.1441216447274947
B6P4S7,-0.21393679817974423
B6P4S9,-0.21638114233558842
B6P5S0,-0.12470770922965915
B6P5S1,-0.14081357286602283
B6P5S2,-0.14138285208680207
B6P5S3,-0.1477477092296592
B6P5S4,-0.14537457329892328
B6P5S5,-0.14793504256299253
B6P5S6,-0.2011082286242997
B6P5S7,-0.21829836960831567
B6P5S8,-0.21829836960831567
B6P5S9,-0.2203881450696964
B6P6S1,-0.15552348348040848
B6P6S5,-0.16245091890682406
B6P6S7,-0.21810983389402996
B6P7S0,-0.15541887816072816
B6P7S1,-0.1599347257797758
B6P7S2,-0.15572258625614155
B6P7S3,-0.16077050833406353
B6P7S4,-0.16054708582324104
B6P7S5,-0.1662947162344965
B6P7S6,-0.16323520341398368
B6P7S7,-0.20544954383759514
B6P8S1,-0.16077122261977783
B6P8S3,-0.16159675248990768
B6P8S5,-0.16279234123449643
B6P9S1,-0.16581914469769996
B6P9S2,-0.16664538885354407
B6P9S4,-0.16279234123449643
B6P9S5,-0.1648821166958772
B6P10S1,-0.16731385313925834
B6P10S3,-0.16806656850722373
B6P11S0,-0.16544670790116317
B6P11S1,-0.166800413745319
B6P11S2,-0.1697846994596047
B6P11S3,-0.1707314905851458
B6P12S1,-0.1697846994596047
B6P13S0,-0.16804162997908523
B6P13S1,-0.17746189426479947
B7P0S1,-0.1326542849074901
B7P0S2,-0.1326779849074901
B7P0S3,-0.13138532365207886
B7P0S4,-0.14804701529026526
B7P0S5,-0.1600048081474081
B7P0S6,-0.16687026529026533
B7P0S8,-0.23942479349758436
B7P0S9,-0.23838066795645882
B7P0S10,-0.23858711411030498
B7P0S11,-0.23036687791316876
B7P0S12,-0.22918112791316875
B7P0S13,-0.2203561460949869
B7P1S0,-0.12122441941220108
B7P1S1,-0.1241463944312996
B7P1S2,-0.12285373317588837
B7P1S3,-0.12495602264957259
B7P1S4,-0.13461865251970248
B7P1S5,-0.1473856871517371
B7P1S6,-0.15642537026862025
B7P1S7,-0.2076836085575244
B7P1S8,-0.2298600927684889
B7P1S9,-0.22712342610182223
B7P1S10,-0.22738908843948455
B7P1S11,-0.2224200657122118
B7P1S12,-0.2173783566213027
B7P2S0,-0.12663482750998561
B7P2S1,-0.12657602538368057
B7P2S2,-0.12495602264957259
B7P2S3,-0.1294697395326895
B7P2S4,-0.1369236395326895
B7P2S5,-0.14559733000887998
B7P2S6,-0.15037988845043845
B7P2S7,-0.20404235782842892
B7P2S8,-0.21941853843948456
B7P2S9,-0.2173783566213027
B7P2S10,-0.2173783566213027
B7P2S11,-0.2173783566213027
B7P3S0,-0.12335318707199225
B7P3S1,-0.12981612329892322
B7P3S2,-0.13189844256299252
B7P3S3,-0.1382236395326895
B7P3S4,-0.14328849667554663
B7P3S5,-0.14985334083139082
B7P3S6,-0.15414873909978907
B7P3S7,-0.20088677557734666
B7P3S8,-0.21885795662130275
B7P3S9,-0.2173783566213027
B7P3S10,-0.2173783566213027
B7P4S0,-0.12734148412143406
B7P4S1,-0.13200919256299254
B7P4S2,-0.14327227589632588
B7P4S3,-0.1453450031690531
B7P4S4,-0.14985334083139082
B7P4S5,-0.15435200100455096
B7P4S6,-0.15484433477078474
B7P4S7,-0.20018769375916484
B7P4S8,-0.21843686960831568
B7P4S9,-0.21843686960831568
B7P5S0,-0.12762555338550333
B7P5S1,-0.1411322711344211
B7P5S2,-0.14664500316905313
B7P5S3,-0.15490197719502719
B7P5S4,-0.1594006373681873
B7P5S5,-0.16114589970584967
B7P5S6,-0.1552941962426462
B7P5S7,-0.19870809375916484
B7P5S8,-0.21829836960831567
B7P6S0,-0.1360801676712176
B7P6S1,-0.1471249317404817
B7P6S2,-0.15687044148074145
B7P6S3,-0.1594006373681873
B7P6S4,-0.16114589970584967
B7P6S5,-0.16161809018204015
B7P6S6,-0.16385951225996223
B7P6S7,-0.19870809375916484
B7P7S1,-0.16327515005068027
B7P7S2,-0.16798971298774318
B7P7S3,-0.16761766688384708
B7P7S4,-0.16555331623449643
B7P7S5,-0.1605119543297345
B7P7S6,-0.16021578620619142
B7P8S0,-0.15749558785103784
B7P8S1,-0.1706540349574402
B7P8S2,-0.16812498885354407
B7P8S3,-0.17110927456782982
B7P8S4,-0.16962967456782976
B7P8S5,-0.16301793214358734
B7P9S0,-0.15875730646575645
B7P9S1,-0.16879345313925836
B7P9S2,-0.16812498885354407
B7P9S3,-0.16962967456782976
B7P9S4,-0.16911623517389038
B7P10S0,-0.16460102551337547
B7P10S1,-0.16879345313925836
B7P10S2,-0.17029813885354408
B7P10S3,-0.16911623517389038
B7P11S0,-0.16289738914973909
B7P11S1,-0.17177773885354408
B7P11S2,-0.1697846994596047
B7P12S0,-0.1654923112276612
B7P12S1,-0.1697846994596047
B7P13S0,-0.1699911445609945
B8P0S1,-0.13593619331085147
B8P0S3,-0.13138532365207886
B8P0S5,-0.16489210944610946
B8P0S7,-0.17294273931623935
B8P0S9,-0.24262912574866657
B8P0S11,-0.24283557190251273
B8P1S0,-0.1301385449533266
B8P1S1,-0.12955763144428661
B8P1S2,-0.12427491174731693
B8P1S3,-0.12716886680541675
B8P1S4,-0.13488102048507045
B8P1S5,-0.14967281702186702
B8P1S6,-0.16127937026862024
B8P1S7,-0.17300142979242977
B8P1S8,-0.21690247652289238
B8P1S9,-0.23626716146295226
B8P1S10,-0.23626716146295226
B8P1S11,-0.22594752726381806
B8P2S1,-0.12932354811095328
B8P2S3,-0.13488102048507045
B8P2S5,-0.1491483408313908
B8P2S7,-0.16304216550671546
B8P2S9,-0.22965173938503025
B8P3S0,-0.13096213781046948
B8P3S1,-0.13299671745476743
B8P3S2,-0.13992965684870678
B8P3S3,-0.14332006983571977
B8P3S4,-0.15419697719502715
B8P3S5,-0.15414186464091462
B8P3S6,-0.15826167849372846
B8P3S7,-0.15873386896991895
B8P3S8,-0.19849981505103087
B8P3S9,-0.21604990908199992
B8P4S1,-0.14040958542013537
B8P4S3,-0.15189199018204014
B8P4S5,-0.16100148152403143
B8P4S7,-0.1611537395326895
B8P5S0,-0.13271877143999786
B8P5S1,-0.14597309840714837
B8P5S2,-0.14994052113442108
B8P5S3,-0.1579220237318237
B8P5S4,-0.16100148152403143
B8P5S5,-0.16100148152403143
B8P5S6,-0.1674553044677544
B8P5S7,-0.16597678498723492
B8P6S1,-0.14975198542013538
B8P6S3,-0.16166994580974575
B8P6S5,-0.1674553044677544
B8P7S0,-0.14682536896991893
B8P7S1,-0.157733488017538
B8P7S2,-0.16296994580974572
B8P7S3,-0.16166994580974575
B8P7S4,-0.16812376875346868
B8P7S5,-0.16812376875346868
B8P8S1,-0.17293710960428452
B8P8S3,-0.17414146674714168
B8P9S0,-0.16835544932289928
B8P9S1,-0.17363296728826724
B8P9S2,-0.17531725300255296
B8P9S3,-0.17475667118437116
B8P10S1,-0.17605667118437116
B8P11S0,-0.17077915321900317
B8P11S1,-0.17475667118437116
B9P0S1,-0.13890577123292938
B9P0S2,-0.14849708880359402
B9P0S4,-0.1465060249507802
B9P0S5,-0.15536835338550337
B9P0S7,-0.1805318685370186
B9P0S8,-0.17949673000888006
B9P0S10,-0.23682736211230293
B9P0S11,-0.23682736211230293
B9P1S0,-0.128749681316963
B9P1S1,-0.14260743110051274
B9P1S2,-0.1409822341308158
B9P1S3,-0.1390224994096546
B9P1S4,-0.1415233797924297
B9P1S5,-0.1474868538184038
B9P1S6,-0.16846925858030853
B9P1S7,-0.16742513303918302
B9P1S8,-0.17908056810411815
B9P1S9,-0.21477874318955903
B9P1S10,-0.23414342812961894
B9P2S0,-0.1380930628804975
B9P2S1,-0.1419499841308158
B9P2S2,-0.13098574940965463
B9P2S3,-0.14657201615606608
B9P2S4,-0.14872044256299252
B9P2S5,-0.1621003927794427
B9P2S6,-0.15831646420801418
B9P2S7,-0.16229796420801418
B9P2S8,-0.17443953780108779
B9P2S9,-0.20588200292981873
B9P3S1,-0.13990643218276383
B9P3S2,-0.14705194472749467
B9P3S4,-0.15785760706515706
B9P3S5,-0.16105626723831715
B9P3S7,-0.17037950533355528
B9P3S8,-0.1702722672383172
B9P4S0,-0.14218042893601063
B9P4S1,-0.14935778888333884
B9P4S2,-0.15068890684870678
B9P4S3,-0.15590613801753794
B9P4S4,-0.16302473152403146
B9P4S5,-0.16105626723831715
B9P4S6,-0.16807067200022194
B9P4S7,-0.17037950533355528
B9P5S0,-0.15278944892917534
B9P5S1,-0.1513258581474081
B9P5S2,-0.15590613801753794
B9P5S3,-0.16302473152403146
B9P5S4,-0.16172473152403147
B9P5S5,-0.1687391362859362
B9P5S6,-0.1687391362859362
B9P6S1,-0.15211261529026524
B9P6S2,-0.16040479819069808
B9P6S4,-0.1687391362859362
B9P6S5,-0.1687391362859362
B9P7S0,-0.15891700260882902
B9P7S1,-0.16021626247641238
B9P7S2,-0.16302473152403146
B9P7S3,-0.1687391362859362
B9P7S4,-0.1687391362859362
B9P8S0,-0.16702064979497616
B9P8S1,-0.16021626247641238
B9P8S2,-0.1698506005716505
B9P8S3,-0.1687391362859362
B9P9S1,-0.17251024769952264
B9P9S2,-0.17251024769952264
B9P10S0,-0.16778557443112438
B9P10S1,-0.17320610538350534
B9P11S0,-0.17139452075147069
B10P0S1,-0.15077980370046187
B10P0S3,-0.14829686261311786
B10P0S7,-0.1858489442945943
B10P0S9,-0.18883323000888005
B10P1S0,-0.14323808647357109
B10P1S1,-0.14568729473687642
B10P1S2,-0.1427064906243223
B10P1S3,-0.15412307503990672
B10P1S4,-0.1571118607541924
B10P1S5,-0.16229783853956492
B10P1S6,-0.1710048190590455
B10P1S7,-0.17911627360450005
B10P1S8,-0.19077170866943516
B10P1S9,-0.19480182771705418
B10P2S1,-0.1461544549100366
B10P2S3,-0.1586058120528937
B10P2S5,-0.16899877143999784
B10P2S7,-0.1739891047733312
B10P3S0,-0.14495992893601062
B10P3S1,-0.1528399906243223
B10P3S2,-0.16072312049445212
B10P3S3,-0.1593613158122922
B10P3S4,-0.16704730239237875
B10P3S5,-0.16966723572571213
B10P3S6,-0.17135152143999785
B10P3S7,-0.17702200953523597
B10P4S1,-0.16072312049445212
B10P4S3,-0.16704730239237875
B10P4S5,-0.17135152143999785
B10P5S1,-0.15917278009800648
B10P5S2,-0.16644090239237877
B10P5S3,-0.16704730239237875
B10P5S4,-0.17265152143999785
B10P6S1,-0.16625236667809304
B10P6S3,-0.17265152143999785
B10P7S0,-0.1603580246867511
B10P7S1,-0.1688540394053658
B10P7S2,-0.16904257511965148
B10P7S3,-0.17668164048761692
B10P8S1,-0.1688540394053658
B10P9S0,-0.1690159225222489
B10P9S1,-0.17387317143999784
B11P0S1,-0.1470546210164792
B11P0S2,-0.14910751196376718
B11P0S3,-0.15532022408497934
B11P0S4,-0.16319967105467623
B11P0S5,-0.16040571975597495
B11P0S6,-0.17702525655251183
B11P0S7,-0.1908975806582307
B11P0S8,-0.1938818663725164
B11P0S9,-0.19791198542013544
B11P1S0,-0.1441473364735711
B11P1S1,-0.14641838647357108
B11P1S2,-0.1590308044771361
B11P1S3,-0.1624295382433699
B11P1S4,-0.16049258694466859
B11P1S5,-0.16896445491003662
B11P1S6,-0.16915379633177274
B11P1S7,-0.17831728659151305
B11P1S8,-0.19167346408069055
B11P2S0,-0.147965240369675
B11P2S1,-0.1532947038277855
B11P2S2,-0.16403925252908416
B11P2S3,-0.16049258694466859
B11P2S4,-0.16896445491003662
B11P2S5,-0.16653386299843936
B11P2S6,-0.17135152143999785
B11P2S7,-0.17769047382095024
B11P3S0,-0.15393230772388938
B11P3S1,-0.1610471226589543
B11P3S2,-0.16030405123038285
B11P3S3,-0.16953960152657796
B11P3S4,-0.16653386299843936
B11P3S5,-0.17265152143999785
B11P3S6,-0.1753816404876169
B11P4S0,-0.16304113564596726
B11P4S1,-0.16191376551609715
B11P4S2,-0.1693510658122922
B11P4S3,-0.16792273572571212
B11P4S4,-0.1700315881066645
B11P4S5,-0.17668164048761692
B11P5S0,-0.16390777850311014
B11P5S1,-0.16426220217592852
B11P5S2,-0.1677342000114264
B11P5S3,-0.16904257511965148
B11P5S4,-0.17668164048761692
B11P6S0,-0.16314609178631817
B11P6S1,-0.1677342000114264
B11P6S2,-0.1688540394053658
B11P6S3,-0.1740617071542835
B11P7S0,-0.17225677360450004
B11P7S1,-0.1688540394053658
B11P7S2,-0.17387317143999784
B11P8S0,-0.17286317360450001
B11P8S1,-0.17387317143999784
B11P9S0,-0.17839574503307143
B12P0S1,-0.15503932651686114
B12P0S5,-0.17483859192302365
B12P0S7,-0.1936084328321146
B12P1S0,-0.16044075205798666
B12P1S1,-0.1569346949151295
B12P1S2,-0.16970474603557772
B12P1S3,-0.16030405123038285
B12P1S4,-0.16869157395765563
B12P1S5,-0.17068855447713613
B12P1S6,-0.17510138304856476
B12P1S7,-0.18554443053090697
B12P2S1,-0.16970474603557772
B12P2S3,-0.16489805123038287
B12P2S5,-0.17408111667809312
B12P3S1,-0.16191376551609715
B12P3S2,-0.16030405123038285
B12P3S4,-0.17408111667809312
B12P3S5,-0.1760768283664048
B12P4S1,-0.1639090382433699
B12P4S3,-0.17408111667809312
B12P5S0,-0.1741135155160972
B12P5S1,-0.17249529149012313
B12P5S2,-0.17330386667809308
B12P5S3,-0.1760768283664048
B12P6S1,-0.17330386667809308
B12P7S0,-0.18046723789021435
B12P7S1,-0.1758882926521191
B13P0S1,-0.15690102370300835
B13P0S2,-0.17342088845982015
B13P0S3,-0.17375829863298034
B13P0S4,-0.16949217525635696
B13P0S5,-0.17683557244250417
B13P0S6,-0.1798280594554912
B13P0S7,-0.19411671270224445
B13P1S0,-0.1591154581185927
B13P1S1,-0.1690846288978135
B13P1S2,-0.17582174495332667
B13P1S3,-0.17316533586241756
B13P1S4,-0.1808942914901232
B13P1S5,-0.1808942914901232
B13P1S6,-0.18188330447713622
B13P2S0,-0.1577279548718395
B13P2S1,-0.17582174495332667
B13P2S2,-0.1751606085896903
B13P2S3,-0.18070575577583753
B13P2S4,-0.1808942914901232
B13P2S5,-0.18188330447713622
B13P3S0,-0.16778688586241752
B13P3S1,-0.1751606085896903
B13P3S2,-0.18070575577583753
B13P3S3,-0.18070575577583753
B13P3S4,-0.18188330447713622
B13P4S0,-0.17426917157670327
B13P4S1,-0.18231547006155183
B13P4S2,-0.18070575577583753
B13P4S3,-0.18188330447713622
B13P5S0,-0.17781904603557777
B13P5S1,-0.18070575577583753
B13P5S2,-0.18169476876285048
B13P6S0,-0.1843094830485648
B13P6S1,-0.18070575577583753
B13P7S0,-0.1821110544771362
B14P0S1,-0.1613811016250862
B14P0S3,-0.17210140923904096
B14P0S5,-0.17847395577583755
B14P1S0,-0.1542491009757356
B14P1S1,-0.1691913087679434
B14P1S2,-0.1736315676805994
B14P1S3,-0.17992488369791546
B14P1S4,-0.17782030577583752
B14P1S5,-0.17899785447713623
B14P2S1,-0.1736315676805994
B14P2S3,-0.17782030577583752
B14P3S0,-0.16765667157670325
B14P3S1,-0.1758250330485648
B14P3S2,-0.17782030577583752
B14P3S3,-0.1788093187628505
B14P4S1,-0.17943002006155184
B14P5S0,-0.1814240330485648
B14P5S1,-0.17782030577583752
B15P0S1,-0.17056093647357112
B15P0S2,-0.17478994105722276
B15P0S4,-0.1837619464684782
B15P1S0,-0.15714443192811653
B15P1S1,-0.17094852088915552
B15P1S2,-0.18290968131696303
B15P1S3,-0.18391009798362973
B15P1S4,-0.18230038369791543
B15P2S0,-0.164785201408636
B15P2S1,-0.18290968131696303
B15P2S2,-0.18391009798362973
B15P2S3,-0.18230038369791543
B15P3S1,-0.18391009798362973
B15P3S2,-0.18391009798362973
B15P4S0,-0.17236205555938727
B15P4S1,-0.18391009798362973
